32 384,;
0 416,
32 416,
64 416,
96 416,
128 416,
160 416,
192 416,
224 416,
256 416,
288 416,
320 416,
352 416,
384 416,
416 416,
448 416,
480 416,
512 416,
544 416,
576 416,
0 384,
576 384,
0 192,
576 192,
0 160,
576 160,
0 128,
576 128,
0 96,
576 96,
0 64,
576 64,
0 32,
576 32,
0 0,
32 0,
64 0,
96 0,
128 0,
160 0,
192 0,
224 0,
256 0,
288 0,
320 0,
352 0,
384 0,
416 0,
448 0,
512 0,
544 0,
576 0,

0 352,
64 352,
128 352,
160 352,
192 352,
256 352,
384 352,
512 352,
544 352,
576 352,
0 320,
64 320,
128 320,
256 320,
384 320,
512 320,
576 320,
0 288,
32 288,
64 288,
128 288,
160 288,
192 288,
256 288,
384 288,
512 288,
576 288,
0 256,
64 256,
128 256,
256 256,
384 256,
512 256,
576 256,
0 224,
64 224,
128 224,
160 224,
192 224,
256 224,
288 224,
320 224,
384 224,
416 224,
448 224,
512 224,
544 224,
576 224,

128 160,
160 160,
192 160,
256 160,
288 160,
320 160,
384 160,
416 160,
448 160,
512 160,
128 128,
288 128,
384 128,
512 128,
128 96,
160 96,
192 96,
288 96,
384 96,
512 96,
128 64,
288 64,
384 64,
128 32,
160 32,
192 32,
288 32,
384 32,
416 32,
448 32,
512 32,

192 384,
288 192,
480 160,

